29 13
9 22
2 26
29 23
22 14
30 8
29 30
3 25
24 22
25 9
11 28
28 20
28 26
28 13
25 18
8 28
30 29
18 27
30 28
27 6
25 19
11 26
24 10
15 29
27 26
27 30
23 30
27 4
1 30
13 27
24 28
18 30
10 24
7 29
14 27
10 25
2 23
28 21
9 30
14 24
15 26
30 12
23 19
5 29
20 29
14 26
28 19
29 25
23 22
2 22
27 17
24 18
27 14
28 25
22 17
18 28
25 28
16 25
28 17
7 25
25 6
26 30
30 23
30 24
1 25
25 2
28 2
28 10
26 22
22 2
22 26
25 23
19 28
30 27
26 29
28 27
23 28
22 25
1 27
29 12
13 23
5 23
23 11
20 22
22 1
24 21
29 9
28 22
9 24
30 18
28 1
26 27
6 25
2 25
29 18
25 3
6 22
5 25
30 13
26 14
27 24
15 25
25 30
15 22
26 13
23 27
22 20
9 25
27 25
7 23
25 24
5 24
30 15
28 3
10 22
24 25
26 1
23 20
29 16
22 29
13 28
25 29
20 27
24 7
26 3
8 24
16 23
30 10
16 27
19 25
1 24
28 8
20 28
21 24
16 28
26 15
30 26
22 28
24 30
18 29
3 28
29 24
28 6
29 22
26 23
1 22
3 29
27 29
11 24
28 23
28 30
17 22
4 25
29 7
8 29
18 22
2 30
28 15
8 27
24 15
19 26
25 26
24 12
28 18
1 28
21 26
17 23
15 28
22 18
23 15
3 23
29 21
20 25
30 6
4 26
12 24
17 28
28 29
26 8
25 20
12 28
28 12
1 29
19 29
26 10
24 27
29 1
30 19
26 5
21 28
25 8
14 22
5 30
22 24
12 22
26 25
22 13
7 27
14 28
28 4
23 2
1 23
27 19
30 16
28 7
27 28
21 29
22 19
6 23
25 12
12 25
27 2
25 22
27 7
23 26
26 16
29 5
16 24
12 29
29 2
4 24
12 23
26 24
30 25
27 13
21 22
5 22
22 12
30 7
30 2
26 18
23 17
13 26
4 27
24 19
21 27
25 11
27 22
22 27
8 26
24 13
24 1
27 18
25 1
28 16
22 9
29 10
22 11
23 3
26 7
11 25
16 29
26 2
15 27
30 5
2 4
14 7
1 14
21 13
15 21
14 12
17 2
15 11
15 10
6 10
6 5
21 4
2 8
13 5
4 14
7 18
20 1
15 13
8 2
20 3
21 16
5 18
14 17
9 4
5 7
6 1
3 4
1 21
11 16
10 17
4 6
18 14
10 14
21 15
18 3
9 15
21 14
13 1
9 11
13 2
10 19
20 7
15 20
3 10
3 15
19 18
11 3
18 5
9 7
8 14
16 20
19 15
12 15
10 5
12 7
4 12
13 6
15 12
17 7
9 10
12 17
20 17
5 16
9 19
12 21
20 16
7 4
16 9
4 15
19 13
7 8
12 6
18 17
19 1
2 16
11 2
4 3
10 8
6 9
16 19
13 9
1 16
1 5
12 18
17 18
19 7
5 4
1 6
5 8
3 16
7 14
21 10
19 4
13 15
10 20
15 9
3 2
4 7
15 4
6 4
6 8
5 19
8 9
13 10
3 17
8 6
9 14
16 12
9 16
2 20
14 16
11 5
13 21
21 18
3 1
16 13
13 8
5 21
17 12
6 20
7 5
11 19
1 3
8 1
2 13
10 21
13 19
11 10
16 3
5 6
7 3
21 7
20 11
17 1
19 8
6 16
12 10
10 9
11 1
12 16
5 12
5 20
10 11
10 12
17 3
6 13
20 15
9 20
9 6
3 11
8 17
14 21
1 2
5 2
21 11
14 2
20 14
6 18
19 11
14 13
16 2
1 4
11 15
13 12
14 5
2 15
10 1
18 8
14 20
6 19
4 21
12 20
13 18
1 11
14 8
9 13
2 12
20 9
18 4
5 17
1 10
1 15
16 15
16 21
15 3
3 21
1 8
18 11
5 3
2 18
19 14
8 18
2 9
19 21
17 19
14 18
19 10
11 17
6 14
20 18
17 11
13 20
7 20
17 8
4 16
15 18
14 9
5 11
12 13
3 12
4 5
11 8
16 6
5 13
11 12
3 5
14 10
7 15
18 9
9 18
8 11
8 13
8 15
11 20
12 1
1 13
17 16
3 6
13 3
15 5
4 8
18 20
18 1
16 14
12 9
11 14
10 15
19 16
5 14
19 3
10 6
1 18
5 10
18 19
19 12
8 19
8 20
1 9
9 8
13 16
20 2
6 7
18 15
7 9
14 11
5 15
4 18
18 16
4 11
9 5
13 7
20 8
17 6
21 8
20 21
21 17
17 15
17 9
4 9
8 21
17 4
11 13
16 4
11 18
18 6
4 10
7 17
16 8
21 9
19 6
15 1
21 6
4 13
3 13
4 20
15 8
1 17
6 11
14 19
3 14
14 15
12 8
15 19
20 5
13 17
20 13
16 7
16 11
14 4
2 1
20 12
8 5
20 6
10 13
13 11
9 17
17 10
21 3
18 2
19 5
19 9
15 7
4 1
16 17
6 2
17 20
6 21
12 3
13 14
9 21
5 9
4 17
14 1
11 7
7 13
16 10
12 4
17 21
15 16
7 11
19 17
18 12
10 4
21 1
18 13
7 21
3 7
8 7
7 19
17 14
11 4
10 3
19 2
2 11
4 19
5 1
14 6
16 5
21 12
7 6
8 16
11 6
17 13
12 5
1 20
17 5
20 19
8 12
21 5
6 3
3 19
14 3
6 12
10 2
10 18
12 19
2 19
8 4
9 1
7 10
4 2
2 21
20 4
3 20
0 0
4 21
1 18
16 1
14 9
15 14
1 3
2 4
15 19
15 13
7 13
7 10
14 21
4 20
9 10
21 1
18 5
8 16
15 9
20 4
8 6
14 17
10 5
1 2
11 21
10 18
7 16
6 21
16 14
19 17
13 2
21 7
5 1
13 1
14 15
5 6
11 15
14 1
9 16
11 19
9 4
13 12
8 18
15 8
6 13
6 15
12 5
19 6
5 10
11 18
20 1
17 8
12 15
3 15
13 10
3 18
21 3
9 7
15 3
2 18
11 13
3 2
8 2
10 17
11 12
3 14
8 17
18 21
17 11
21 15
12 9
18 20
3 7
5 2
12 16
4 17
19 4
21 6
13 20
7 11
17 12
9 11
16 17
16 10
3 5
2 5
12 18
10 21
16 7
10 20
6 17
18 1
14 13
12 21
9 15
13 8
15 11
6 4
21 18
15 21
7 21
7 20
10 12
20 11
9 13
6 2
20 7
11 1
17 3
11 17
4 8
1 17
19 10
9 14
14 5
6 16
17 9
9 20
10 14
2 3
7 8
18 10
19 12
16 6
20 16
4 9
13 14
9 12
19 13
17 6
10 7
18 6
14 18
8 19
2 16
12 20
7 17
3 13
13 11
19 16
3 17
10 3
10 8
13 19
13 3
2 6
7 9
8 15
11 8
11 7
6 19
20 2
1 14
16 4
10 4
14 19
1 4
8 1
7 5
12 19
1 9
17 4
16 21
19 15
9 3
1 10
4 15
13 16
5 20
1 8
7 12
21 14
3 8
9 5
16 19
1 20
11 9
4 3
8 11
5 21
10 2
16 13
16 15
17 15
17 14
15 6
6 14
16 20
5 19
10 6
4 5
12 1
20 5
4 11
12 14
2 12
1 5
12 13
19 2
7 1
8 5
2 19
9 8
18 8
2 20
21 17
15 5
1 11
10 19
3 9
6 3
21 10
19 20
17 7
10 9
19 3
6 10
1 13
18 15
5 11
11 5
20 19
20 9
20 15
19 8
3 16
16 9
2 17
6 7
9 6
15 10
21 20
5 8
5 16
17 1
3 11
19 1
13 15
12 17
10 1
12 6
13 7
16 5
10 13
5 12
12 3
20 12
20 8
16 11
11 20
9 17
8 4
7 18
5 15
18 11
1 19
10 15
21 5
5 17
21 19
11 10
9 18
8 20
2 7
14 20
8 14
14 2
2 15
2 11
21 11
20 14
2 21
19 9
17 21
19 5
5 7
21 13
18 2
17 20
14 11
12 7
15 16
14 7
21 9
6 9
21 8
15 20
16 2
7 19
1 12
6 1
1 15
3 20
15 12
8 10
9 2
8 9
17 18
17 19
1 21
4 16
8 3
20 10
8 7
13 9
9 19
11 2
2 13
14 6
5 4
12 10
12 11
15 18
21 16
17 2
7 4
2 8
7 14
3 6
9 1
11 14
10 11
21 2
1 16
19 18
18 9
17 13
3 21
2 14
15 17
18 19
12 2
5 3
13 21
14 16
5 9
18 14
6 18
20 18
18 12
2 1
19 21
13 6
12 4
4 19
21 12
10 16
1 7
17 10
14 3
18 7
20 17
19 7
2 9
3 10
16 8
2 10
8 12
20 3
14 10
7 6
6 12
1 6
7 3
13 4
13 5
3 12
4 12
20 21
11 16
18 13
21 4
4 14
8 21
6 8
